1 1 1 1 1 1 1 0 1 1 0 1 À
1 1 1 1 0 0 1 1 1 1 1 1 Á
1 1 1 1 1 1 1 1 1 1 1 1 Â
1 1 1 1 0 0 1 0 0 1 0 0 Ã
1 1 1 1 0 1 1 1 1 1 0 1 Ä
1 1 1 1 1 1 1 0 0 1 1 1 Å
0 1 0 1 1 1 1 1 1 1 1 1 ¨
0 0 0 1 1 1 1 1 1 0 0 0 Æ
1 1 1 0 0 1 1 1 1 1 1 1 Ç
1 0 1 1 1 1 1 1 1 1 0 1 È
1 1 1 1 1 1 1 1 1 1 0 1 É
0 1 1 0 1 1 0 1 1 0 1 1 Ê
1 1 1 1 0 1 1 0 1 1 0 1 Ë
1 0 1 1 1 1 1 0 1 1 0 1 Ì
1 0 1 1 0 1 1 1 1 1 0 1 Í
1 1 1 1 0 1 1 0 1 1 1 1 Î
0 0 0 1 1 1 1 0 1 1 0 1 Ï
1 1 1 1 1 1 1 0 0 1 0 0 Ð
1 1 1 1 0 0 1 0 0 1 1 1 Ñ
1 1 1 0 1 0 0 1 0 0 1 0 Ò
1 0 1 1 1 1 0 0 1 1 1 1 Ó
1 1 1 1 1 1 0 1 0 0 1 0 Ô
1 0 1 1 1 0 1 1 1 0 0 0 Õ
1 1 0 1 1 0 1 1 1 0 0 0 Ö
1 0 1 1 1 1 0 0 1 0 0 1 ×
0 0 0 1 1 1 1 1 1 1 1 1 Ø
1 1 1 1 1 1 1 1 1 0 0 1 Ù
1 1 0 0 1 0 0 1 1 0 1 1 Ú
0 0 0 1 0 1 1 1 1 1 1 1 Û
1 0 0 1 0 0 1 1 1 1 1 1 Ü
1 1 1 1 1 1 0 0 1 1 1 1 Ý
1 1 0 1 1 0 1 1 0 1 1 0 Þ
1 1 1 1 1 1 0 1 1 1 0 1 ß